0,470
0,468
0,465
0,456
0,454
0,448
0,574
0,569
0,568
0,567
0,566
103,73
0,305
0,565
0,274
0,317
0,564
0,563
0,562
103,72
0,561
0,560
0,559
103,71
103,70
0,558
92,5
92,4
92,1
92,3
14,5
103,13
103,8
103,7
103,14
103,5
103,11
103,4
78,4
78,1
78,3
103,3
14,7
14,8
44,1
44,3
214,1
214,3
32,5
32,1
32,3
24,1
24,3
10,196
10,98
10,16
10,314
10,112
10,194
10,296
10,166
10,2
10,3
11,14
11,4
11,5
11,6
11,13
11,2
11,3
9,7
9,6
9,4
9,2
9,3
8,15
8,18
8,6
8,8
8,9
8,14
8,17
8,2
8,3
12,2
12,1
12,3
259,590
259,589
259,588
259,587
259,586
259,585
259,584
259,583
259,582
259,581
259,580
259,579
259,578
259,577
259,576
259,575
259,574
259,573
259,572
259,571
259,570
259,569
259,568
259,567
259,566
259,565
259,564
259,563
259,562
259,561
259,560
259,559
259,558
259,557
259,556
259,555
259,554
259,553
259,552
259,551
259,550
259,549
259,548
259,547
259,546
19,2
259,545
259,544
19,1
259,543
19,3
259,1
223,5
223,4
223,3
223,2
223,1
217,3
217,1
215,4
215,3
215,1
103,69
103,68
